# Created by Octave 3.2.4, Tue Nov 06 11:08:06 2012 EST <yjy@ubuntu>
# name: runtime
# type: matrix
# rows: 3
# columns: 1
 5
 1.666666666666667
 3.333333333333333
