# Created by Octave 3.2.4, Tue Nov 06 11:08:06 2012 EST <yjy@ubuntu>
# name: var_f
# type: matrix
# rows: 1
# columns: 3
 1 2 3
# name: num_orig_feats
# type: scalar
4
